157
1 3 55 15 87
1 37 57 48 87
1 68 57 80 87
1 103 57 115 86
1 137 55 148 85
1 162 56 173 86
1 122 29 134 60
1 137 32 148 62
1 9 169 26 214
1 31 165 49 209
1 55 168 72 209
1 72 162 89 205
1 91 164 107 205
1 108 159 126 204
1 132 158 148 198
1 153 157 169 198
1 174 158 189 196
1 187 154 203 196
1 199 153 215 195
1 210 152 227 194
1 221 150 235 188
1 232 147 245 182
1 246 142 263 186
1 263 141 279 182
1 163 6 174 36
1 175 3 185 29
1 176 32 187 58
1 190 29 203 60
1 192 56 204 86
1 212 56 223 85
1 199 6 211 36
1 211 6 223 35
1 234 32 244 59
1 241 27 255 61
1 231 55 243 85
1 248 55 260 87
1 267 53 280 87
1 285 53 298 88
1 309 55 322 86
1 333 55 346 87
1 266 5 276 33
1 277 4 290 35
1 289 29 299 56
1 299 27 310 57
1 336 4 346 32
1 345 2 356 30
1 329 28 340 57
1 343 26 356 58
1 356 54 368 87
1 373 58 385 87
1 374 32 385 58
1 391 27 403 59
1 391 4 404 36
1 405 4 417 36
1 437 6 447 34
1 447 2 459 34
1 435 31 446 57
1 460 27 472 56
1 394 58 407 89
1 413 56 426 88
1 431 57 442 87
1 447 55 459 87
1 465 55 477 87
1 484 56 496 87
1 510 56 522 87
1 529 57 542 89
1 553 55 567 90
1 581 57 595 92
1 279 137 296 179
1 300 135 318 178
1 316 138 333 181
1 333 142 348 182
1 349 143 364 182
1 370 145 385 184
1 382 148 399 189
1 398 150 413 189
1 409 152 425 191
1 420 156 436 195
1 431 157 445 193
1 450 156 466 198
1 469 160 485 202
1 486 161 505 207
1 502 163 519 204
1 521 163 539 207
1 536 164 553 209
1 551 170 567 212
1 192 185 207 224
1 215 198 226 225
1 242 179 260 225
1 288 190 304 229
1 349 186 365 225
1 331 198 343 227
1 344 276 357 308
1 420 191 434 225
1 430 179 447 223
1 442 272 456 306
1 500 270 515 307
1 455 191 466 221
3 109 275 126 308
3 129 288 142 303
3 116 259 131 279
3 117 238 132 259
3 123 229 134 246
3 124 223 135 235
3 130 221 139 234
3 129 209 137 220
3 135 204 147 216
3 126 197 138 208
3 147 197 159 209
3 162 204 174 215
3 172 193 183 208
3 178 216 192 237
3 153 228 162 243
3 163 231 174 237
3 162 237 176 269
3 141 276 158 294
3 159 277 175 301
3 179 275 202 309
3 198 276 210 299
3 212 276 227 303
3 229 280 244 309
3 244 275 264 308
3 187 247 205 273
3 217 252 232 278
3 232 246 249 273
3 208 224 218 245
3 212 215 224 231
3 224 218 245 256
3 228 209 241 225
3 235 203 253 225
3 223 192 237 212
3 249 253 271 272
3 264 238 284 263
3 269 227 283 247
3 269 209 285 240
3 268 192 285 218
3 266 279 282 308
3 279 275 299 308
3 305 279 320 307
3 318 271 342 310
3 304 213 317 233
3 378 201 394 221
3 390 193 407 218
3 363 273 385 309
3 388 282 409 308
3 409 273 431 310
3 464 268 487 312
3 495 269 504 287
3 496 248 514 270
3 498 229 511 249
3 487 232 498 245
3 498 223 513 241
3 464 191 481 209
3 487 205 509 223
3 493 190 507 202
3 487 190 498 203
3 483 178 497 192
