49
1 0 125 24 231
1 0 127 35 226
1 19 122 59 223
1 39 122 84 235
1 78 138 107 212
1 96 139 121 201
1 111 119 151 217
1 131 127 175 236
1 155 133 188 214
1 174 133 202 203
1 187 129 231 240
1 229 125 271 231
1 243 123 284 225
1 271 129 305 214
1 289 130 321 209
1 312 129 342 206
1 319 129 352 209
1 341 122 380 218
1 369 126 407 219
1 384 119 430 231
1 426 120 473 238
1 440 123 480 224
1 451 125 487 216
1 457 123 496 218
1 474 122 500 219
3 136 121 144 134
3 173 127 182 136
3 196 125 204 138
3 235 127 245 141
3 269 128 277 141
3 278 130 287 142
3 327 123 335 131
3 347 125 357 136
3 364 123 371 135
3 412 123 422 137
3 429 128 438 140
3 438 129 446 139
3 425 125 433 135
5 19 123 34 136
5 67 128 88 140
5 87 125 101 139
5 103 129 125 140
5 158 134 168 143
5 218 127 235 140
5 292 128 301 140
5 308 127 324 138
5 340 128 349 140
5 372 123 384 138
5 479 128 490 138
