35
1 45 235 79 318
1 60 209 120 356
1 119 214 168 336
1 94 220 136 326
1 213 201 287 381
1 268 201 339 378
1 312 192 389 380
1 374 226 391 267
1 417 225 438 279
1 428 222 446 266
1 443 224 456 258
1 449 227 467 271
1 396 217 406 241
1 402 210 413 238
1 409 217 419 241
1 531 222 550 287
1 527 217 538 245
1 511 213 522 240
1 515 211 525 237
1 491 216 502 243
1 484 209 494 235
1 473 211 483 235
1 477 211 487 236
1 468 212 476 235
1 461 210 471 236
1 456 212 466 240
1 448 209 459 237
1 439 210 450 237
1 431 211 442 241
1 420 213 432 242
3 0 208 46 407
3 65 216 88 241
3 167 233 180 250
3 150 222 160 238
3 381 222 395 246
