147
1 50 132 117 296
1 93 163 147 294
1 172 141 226 273
1 196 156 232 245
1 259 156 296 248
1 477 158 507 242
1 477 35 504 104
1 456 103 486 178
1 445 102 475 177
1 418 105 446 175
1 454 39 479 103
1 459 66 480 119
1 446 65 468 119
1 433 63 456 120
1 415 62 439 124
1 401 66 424 124
1 386 69 407 124
1 368 66 392 125
1 357 63 383 127
1 342 64 368 130
1 308 63 335 131
1 284 78 316 156
1 410 33 438 104
1 325 63 351 130
1 271 45 296 108
1 259 72 286 137
1 247 63 274 131
1 228 60 256 130
1 213 46 235 102
1 199 50 222 106
1 183 53 206 109
1 156 45 179 101
1 128 64 149 118
1 119 62 140 117
1 103 57 128 117
1 89 56 111 109
1 74 49 99 111
1 72 88 98 151
1 56 94 81 154
1 43 90 70 155
1 30 99 52 153
1 45 58 66 110
1 23 63 49 130
1 32 55 57 115
1 17 47 41 105
1 0 129 17 203
1 0 128 25 201
3 35 185 63 237
3 87 186 111 229
3 129 176 146 197
3 157 179 186 238
3 281 154 296 202
3 301 176 321 239
3 325 177 352 236
3 355 175 381 229
3 382 175 414 234
3 423 203 453 248
3 415 175 440 211
3 439 175 464 212
3 469 177 498 230
3 482 126 504 161
3 482 106 500 126
3 488 96 502 114
3 432 51 446 65
3 431 88 448 117
3 410 105 426 124
3 397 123 419 162
3 374 123 396 162
3 349 119 370 160
3 325 122 349 164
3 301 122 323 165
3 279 125 300 162
3 257 122 278 159
3 391 108 405 127
3 389 96 405 111
3 367 96 386 118
3 340 98 363 118
3 386 53 401 69
3 385 41 398 56
3 362 36 379 60
3 352 50 365 66
3 322 98 335 118
3 324 47 340 64
3 324 34 340 49
3 309 48 323 65
3 293 45 309 66
3 294 65 311 87
3 278 101 292 119
3 279 74 290 90
3 260 46 274 65
3 262 113 283 126
3 246 52 258 69
3 241 109 258 148
3 218 126 236 160
3 190 122 209 153
3 247 100 259 110
3 235 101 249 112
3 223 107 238 125
3 221 99 233 109
3 207 103 218 117
3 199 112 213 125
3 195 98 207 110
3 216 87 227 98
3 218 80 228 87
3 202 85 213 98
3 204 73 216 85
3 174 111 192 131
3 155 111 175 138
3 136 110 155 136
3 180 99 193 113
3 168 102 179 113
3 184 82 194 96
3 176 74 186 88
3 165 86 178 98
3 162 75 172 87
3 146 94 163 110
3 135 100 146 113
3 148 63 165 80
3 138 50 153 64
3 126 125 146 155
3 110 125 126 153
3 93 127 109 151
3 92 108 108 129
3 109 108 124 126
3 123 108 137 124
3 121 96 133 111
3 123 87 133 102
3 107 84 123 107
3 107 45 119 57
3 96 48 106 57
3 91 88 102 100
3 65 65 81 78
3 55 72 69 89
3 51 129 68 173
3 34 130 47 177
3 61 52 71 63
3 54 54 62 66
3 19 128 34 176
3 16 103 34 128
3 0 116 9 126
3 0 87 14 113
3 42 48 48 56
3 12 76 23 88
3 8 55 19 70
3 1 56 15 83
3 0 50 6 65
3 83 74 95 90
