46
1 386 92 458 267
1 456 111 500 270
1 336 89 410 271
1 221 84 296 266
1 181 84 254 265
1 115 107 182 271
1 23 75 101 267
1 68 100 135 267
1 147 88 219 265
1 262 97 314 227
1 0 111 33 253
1 179 71 189 96
1 257 61 263 79
3 445 102 481 145
3 433 91 454 129
3 377 94 406 131
3 280 84 306 122
3 262 99 276 122
3 260 84 287 128
3 228 88 249 111
3 191 94 206 119
3 153 95 172 124
3 111 103 125 120
3 161 79 173 88
3 194 79 202 90
3 304 88 314 98
3 320 85 332 99
3 388 71 397 81
3 391 77 401 91
3 458 78 468 90
3 211 71 220 80
3 290 69 295 75
3 295 73 301 78
3 276 76 286 86
3 303 59 311 68
3 29 95 42 111
3 343 99 360 121
3 339 75 352 88
3 371 80 383 92
3 449 98 457 113
3 19 118 42 247
5 403 78 445 92
5 315 64 327 78
5 66 92 93 112
5 0 93 30 115
5 107 96 147 111
