36
1 390 185 433 318
1 319 168 368 291
1 330 149 379 272
1 275 189 337 343
1 206 223 258 350
1 136 201 192 340
1 205 169 264 314
1 267 135 313 248
1 235 147 276 247
1 148 149 202 281
1 181 130 228 248
1 87 172 145 313
1 85 143 133 261
1 112 121 154 227
1 156 104 198 209
1 32 125 79 242
1 66 111 107 213
1 86 96 123 187
1 160 55 175 95
1 22 100 62 200
1 0 116 26 222
1 0 92 32 181
1 16 79 50 161
1 232 64 256 124
3 316 253 357 348
3 261 307 289 349
3 158 275 196 348
3 59 247 118 349
3 407 328 431 348
3 240 125 262 152
3 137 100 157 124
3 0 71 10 102
3 10 69 29 94
3 75 48 92 89
3 222 53 245 71
3 49 80 67 122
