58
1 550 250 638 465
1 371 306 420 425
1 327 269 399 444
1 311 310 354 418
1 278 299 329 426
1 226 306 270 417
1 192 291 248 429
1 68 304 116 421
1 94 295 148 428
1 150 299 198 418
1 414 350 423 375
1 420 351 428 371
1 425 352 432 370
1 432 354 439 371
1 437 352 446 374
1 442 355 446 368
1 447 354 453 371
1 453 353 460 370
1 457 348 467 374
1 462 351 470 372
1 467 350 477 374
1 476 350 486 374
1 490 351 499 374
1 495 351 504 374
1 500 349 510 374
1 507 351 517 376
1 513 352 521 374
1 517 352 526 374
1 520 349 529 373
1 525 352 533 373
1 529 352 538 375
1 535 354 541 372
1 539 352 548 374
1 550 351 560 375
1 484 353 493 374
1 472 353 480 374
1 618 352 625 372
1 627 351 634 370
1 633 351 640 370
1 638 353 648 377
1 19 305 63 413
2 268 320 292 382
2 186 309 213 376
2 143 323 165 377
2 122 314 148 377
2 55 309 85 383
2 9 324 30 375
2 0 330 6 362
3 252 317 265 330
3 177 306 186 322
3 101 311 111 323
3 412 350 416 358
3 612 353 616 368
3 691 349 700 359
5 679 351 689 358
5 710 351 727 359
5 762 350 777 356
5 658 352 667 357
