56
1 32 318 58 385
1 96 315 124 385
1 161 313 190 384
1 228 310 256 380
1 387 302 417 376
1 363 254 390 322
1 145 173 170 234
1 181 150 206 211
1 225 154 247 210
1 263 148 288 208
1 305 159 328 215
1 351 147 376 207
1 372 134 397 196
1 402 166 426 228
1 390 116 412 169
1 443 119 462 165
1 501 120 521 169
1 552 119 571 167
1 111 125 131 174
1 56 123 75 172
1 0 125 18 176
1 37 265 62 328
1 16 251 43 319
1 6 254 29 313
1 0 249 17 305
1 146 140 171 201
1 444 300 474 375
1 506 299 536 375
1 565 295 595 369
1 574 244 596 299
1 547 201 569 257
1 538 191 560 245
1 527 180 552 240
1 523 176 544 228
1 519 173 537 217
1 511 161 532 214
1 579 203 599 254
1 570 196 591 248
1 565 193 582 238
3 103 262 126 279
3 158 262 182 275
3 155 248 180 269
3 221 259 243 276
3 0 259 8 317
3 422 250 446 271
3 483 250 502 268
3 535 249 556 270
3 526 167 534 181
3 568 176 579 204
3 559 171 572 195
3 554 164 567 185
3 539 156 553 180
3 585 175 599 204
3 581 165 596 179
3 574 163 590 179
3 40 250 66 277
