79
1 585 109 654 279
1 534 108 580 221
1 477 125 528 252
1 433 116 483 239
1 400 127 442 229
1 413 130 451 225
1 373 127 410 219
1 357 127 393 214
1 331 130 361 207
1 322 130 352 204
1 311 131 341 205
1 298 128 329 207
1 294 129 321 196
1 269 133 294 194
1 255 128 280 189
1 217 129 252 214
1 61 135 98 225
1 43 135 83 234
1 0 139 40 243
1 592 118 607 156
1 578 118 592 154
1 533 121 547 156
1 248 129 268 181
1 241 134 260 182
1 233 134 253 182
1 213 136 234 187
1 201 132 222 187
1 184 135 205 187
1 165 134 187 190
1 153 139 172 187
1 133 132 158 192
1 110 137 132 192
1 94 139 116 195
1 80 135 106 198
1 26 137 53 203
3 652 113 659 143
3 598 136 660 196
3 464 122 470 133
3 471 126 481 139
3 341 124 350 135
3 359 125 369 151
3 277 129 292 141
3 268 131 279 144
3 213 127 225 142
3 193 134 203 147
3 194 128 206 139
3 176 135 187 147
3 146 131 159 148
3 153 130 161 141
3 117 129 130 146
3 102 136 114 150
3 44 140 55 153
3 24 133 39 201
3 128 135 139 148
3 101 186 175 204
3 94 195 178 213
3 228 190 294 204
3 258 199 360 225
3 275 203 379 230
3 282 213 401 244
3 318 227 379 267
3 348 233 433 273
3 387 238 538 293
3 414 261 584 311
3 499 294 632 346
3 99 205 207 230
3 91 214 205 242
3 62 215 213 269
3 87 242 208 279
3 77 245 253 315
3 95 268 267 331
3 113 265 340 364
3 108 280 381 420
3 72 330 429 477
3 275 403 411 477
3 406 368 539 479
3 0 305 92 479
3 619 309 658 386
3 499 115 513 122
