43
1 85 507 115 581
1 37 495 67 572
1 3 493 35 574
1 0 507 18 582
1 51 497 79 567
1 28 495 48 547
1 247 509 288 611
1 275 501 323 621
1 317 504 362 613
1 358 513 404 626
1 387 516 430 623
1 415 505 464 628
1 449 519 501 645
1 505 511 564 654
1 572 493 637 651
1 614 507 673 653
1 657 517 716 661
1 710 513 771 664
1 750 515 813 668
1 791 514 855 672
1 872 497 949 685
1 900 490 982 692
1 552 508 603 634
1 995 508 1024 621
1 954 502 1010 638
3 992 508 1010 570
3 880 493 902 530
3 844 505 871 557
3 832 500 859 548
3 814 499 838 515
3 793 499 821 543
3 779 510 805 545
3 749 497 776 538
3 722 505 737 527
3 675 503 701 528
3 653 505 670 543
3 646 509 656 528
3 476 490 516 537
3 367 499 404 530
3 115 498 131 533
5 512 502 597 524
5 399 502 494 528
5 310 497 389 525
