34
1 24 53 84 200
1 53 45 86 128
1 72 49 119 163
1 100 45 174 225
1 129 44 183 175
1 167 48 207 145
1 159 44 188 115
1 206 41 253 157
1 204 50 229 112
1 257 41 285 113
1 275 47 306 126
1 287 48 326 143
1 306 48 355 171
1 338 42 374 133
1 214 41 276 196
1 367 51 409 154
1 396 44 417 98
1 407 46 446 143
1 439 48 473 133
1 475 48 505 125
1 490 46 508 93
3 0 184 24 278
3 0 76 16 177
3 0 53 21 143
3 29 45 44 81
3 109 46 126 136
3 305 44 319 103
3 339 42 352 65
3 360 45 366 108
3 391 43 403 102
3 430 41 438 113
3 448 44 453 99
3 478 44 492 72
3 503 55 509 116
