38
1 127 140 266 482
1 309 209 421 485
1 389 226 493 483
1 515 133 658 483
1 428 158 561 484
1 47 152 112 311
1 113 139 169 275
1 97 175 130 256
1 665 183 703 278
1 686 172 736 294
1 767 167 817 291
1 812 176 865 325
1 754 177 790 267
3 335 71 434 269
3 7 215 83 360
3 8 159 25 242
3 46 187 63 207
3 24 187 48 210
3 139 167 167 213
3 167 178 188 203
3 415 150 455 222
3 642 178 660 226
3 722 180 735 192
3 720 171 732 182
3 737 181 746 195
3 744 183 760 205
3 795 174 804 184
3 810 174 828 199
3 812 166 822 179
3 837 172 854 191
3 855 168 864 208
4 191 70 350 279
5 24 162 62 185
5 86 165 124 186
5 492 168 539 190
5 582 176 646 200
5 658 174 705 188
5 734 169 773 189
