44
1 163 168 233 341
1 226 168 292 331
1 329 171 390 322
1 381 166 443 317
1 432 175 483 302
1 475 171 529 303
1 518 160 569 285
1 539 169 584 282
1 412 176 457 286
1 289 180 337 298
1 315 178 360 291
1 136 176 195 319
1 101 169 163 324
1 64 175 123 320
1 37 170 102 331
1 0 176 48 331
1 32 170 82 293
1 208 172 264 309
1 359 182 402 287
1 511 178 550 276
3 203 174 218 191
3 273 178 289 195
3 1 171 20 190
3 32 178 51 195
3 77 172 88 195
3 94 169 110 194
3 175 178 189 198
3 146 183 160 197
3 218 183 228 192
3 395 182 406 195
3 385 179 394 198
3 440 179 450 193
3 463 178 473 195
3 471 173 482 190
3 482 178 495 194
3 510 174 523 191
3 518 171 528 186
3 531 170 540 181
3 571 188 584 261
3 284 191 297 211
3 277 213 297 291
5 106 176 152 195
5 288 172 376 193
5 412 164 432 191
