31
1 0 38 32 159
1 28 36 69 136
1 63 95 111 214
1 89 31 141 161
1 120 46 145 106
1 135 45 163 115
1 189 26 248 172
1 273 50 290 95
1 290 36 324 121
1 317 39 352 126
1 287 47 309 101
1 343 51 357 88
1 351 54 363 84
1 357 40 387 114
1 369 32 419 156
1 373 17 474 267
1 489 39 536 157
1 480 39 507 107
1 440 50 453 84
1 436 50 448 82
1 519 44 543 106
1 172 57 186 91
1 258 50 274 89
3 55 36 70 54
3 77 48 88 76
3 85 38 98 52
3 96 35 105 50
3 208 120 241 160
3 258 82 283 123
3 320 43 330 59
3 359 110 405 138
